88793.72405299998 140529.01330999998
100067.93849799999 105039.24055599998
94569.446764 113854.86024
107038.53021300006 98402.51569799999
87611.61510299999 146329.77400599993
95555.46507399998 113383.15004000002
95845.24285999997 108779.98061100002
122938.91949899997 83803.53092500001
86863.60900799998 146487.58610099996
93747.942993 116234.195435
109714.12697400001 92106.121243
92232.24612599998 120980.746377
97854.212244 107934.10252100001
122509.92770399999 86431.93716399999
88142.48869199998 144565.94758799995
122513.456145 85020.54288199997
104816.56376399998 99725.27639300002
109805.02744800002 91931.06751399998
108648.241412 92226.06518699997
90546.962695 131982.45594499997
98345.93035299999 106098.823239
120476.630948 88028.48937
99275.376385 106038.46216300002
119199.53123499999 88444.92432799998
100897.20889099999 100805.901348
103255.64367300001 100711.80027
108332.96172700003 92294.70147399999
107262.42829000005 98385.59152199999
111709.869567 89501.65254299996
100631.667802 101956.926202
108288.99672000001 92369.04679599998
106301.58834300005 99354.20854800004
108182.222286 92645.14101299997
95308.836069 113798.78081600001
118184.27905 89463.37946899998
97028.461757 89930.19065000002
108725.78399999994 82358.94292899998
105798.24757699993 84983.08082900003
133253.82504499995 79174.569193
103092.31900799999 86950.912674
91686.07751200002 97468.68433000003
100739.18871799999 87326.628878
95699.58371199999 92843.743038
112702.14935999997 81115.50309099999
88702.62619100002 122882.64899099994
133645.32915599993 79034.48062599998
131284.21536999996 80002.18900199998
90237.54839500002 114016.58126299997
100502.08942199999 88736.68037800002
88324.47465299998 130163.13950199995
95947.26358399999 90129.63566600002
107446.80050799994 84040.80110400001
121347.43630899998 80197.550514
104580.81345899998 86056.34310900001
90667.03301100002 113917.43415999998
104873.88892099998 85870.36790200001
87977.94723 131917.78367700003
103535.78649099999 86203.80431600001
99922.895838 88760.24266700001
103328.89328499998 86834.73896800002
83392.06902299999 128087.54914100001
78700.11199500001 142652.10736799997
85916.18658100003 121171.584654
83719.56388499998 126207.53522599999
106460.39163200004 93105.95877399998
94982.186187 107419.35901600003
87539.29128700001 117032.524118
118101.67510200004 87692.344451
95899.19691700001 104435.43198400004
83819.56908699998 125769.181692
101010.02926100002 97310.45614199997
81355.58379899999 131749.63588000002
92937.78026400002 108964.72358899994
81486.69211500001 131220.494459
80160.04150900002 134598.08907899997
140360.996035 74788.864332
126493.373239 84795.05020099999
124805.84773399998 85471.650523
79674.21609900001 142061.21635699994
86343.54213000002 118062.52363899999
137983.61144599994 78847.80453600001
116491.04215199998 90730.909056
88413.59203300001 114375.631473
91617.96500299999 111396.97607399995
106047.40447400002 93537.24653599999
85412.48873300003 122306.02062700002
93205.03591400002 107710.94122300003
100768.46100700002 101204.93007999996
121912.12022399998 87134.62747499999
101153.128775 96865.48740299996
125543.892991 85337.81989299996
80914.134128 132052.04745800002
83572.39119999998 128072.44971599999
85925.44691200003 119510.84674000001
132051.60461900005 81571.70591400002
100673.59713000002 104012.01958899993
91941.60115199999 110794.82260199994
85365.662347 122397.95215300002
117228.739133 90379.34509100001
82323.78063499999 130654.06287099999
85654.46057000001 122034.28937600003
131744.28695699997 84399.51202300002
82326.450814 128136.224994
84707.08120500001 124035.546918
88700.93904 113016.93490699996
123624.80608600001 86624.413981
122861.65762299995 85848.20182400003
93089.04714599995 114346.54144900001
119927.83288099998 86904.54825900003
85321.60125299999 129366.84735600003
89087.69312999996 121967.90439400001
112344.02556699998 87444.86298300003
125352.32485399999 84552.843878
111575.71055999999 91317.36216
112039.82311099999 90810.56555300001
86454.036115 126206.12259299998
101565.72950300002 95558.74309800004
93158.61400299995 112783.17051600001
112187.34339899996 90054.88290500002
83701.06596300002 134659.638447
123197.49373599997 85845.93367700004
89903.82801599997 117874.50004500005
100524.51757100002 95704.44624700004
88221.67644499996 123695.95451800003
89890.30369400002 119442.57998300003
98769.586822 96042.80768900004
89604.942004 119982.21663200003
107663.14833799998 92836.23395400004
122264.40512999994 86502.91362899997
111367.30831599994 92700.70361700004
106059.58220399999 93161.66313400003
95837.01879699997 102308.08493900005
91613.51673499997 117521.62661000004
124472.93929699999 85626.73458900001
93113.88524799996 114318.37925800006
105648.468653 95396.50951500003
128422.28917299998 83545.64512499998
113258.57687500006 94498.324944
87851.40162099997 123238.47482199997
102646.93631200003 111587.53387899998
126779.10524800004 90971.10803599998
134946.56895 89801.60231499997
132968.620555 90256.722146
134807.198696 89829.53040699997
95586.28779600003 116150.01959600003
135853.45227100002 87651.90115100001
85217.41977299999 129484.74486600004
92411.89407900002 117326.52739500003
129998.94865300003 90647.17391
81647.38426299999 142995.18736399995
85371.51296799995 124526.76236300002
83400.115552 131120.15050400002
98284.215968 115030.66633600005
82234.29830099999 138202.67886700007
91448.96109500002 118129.83203300003
101590.54151600003 113297.413802
87767.011051 123789.98375399997
134680.165751 89832.88342299998
89159.440378 118924.260267
89919.45074600002 118659.58802400001
120352.64702600004 93572.67369400004
122748.92302100001 91961.96678900001
108107.019025 98792.10778300003
134997.926061 87758.31356000001
134099.255446 89856.72401899999
82186.34331899999 142625.457815
108029.57314200002 104941.95010200002
126384.05280600004 91862.23379
100785.04800700005 113971.780864
112570.73250700004 94908.29022200001
104952.34229500001 107687.53393300001
106823.69331000005 107066.358737
103080.14929900004 110451.19234999998
122589.28734200001 93035.839415
133584.4004 89886.22956999997
118985.302919 93755.70942899998
88508.55093599999 123064.07448599998
121873.04335100001 93132.418511
117587.621158 92573.768642
78569.12782200002 131571.66267599995
83100.19366100003 123115.09511599998
102439.10389099996 101871.35815799996
102360.82123799999 102697.38846599996
114597.23478899998 94211.04321499998
87578.21793300004 115986.37829499997
96363.10705599995 106946.37050799998
104652.37494599998 96540.94615999999
108734.99949999998 94885.51314699998
84594.12187700003 120659.44393
85681.07180600004 119713.17328299997
96202.91625499997 112529.26701799997
96855.68221899994 106808.80110299998
85527.595576 119777.05508299994
88870.83771200004 115331.44926199995
81290.78256700003 125550.95239299996
80717.82939300005 126951.53419499996
75117.244111 138055.16227199993
90161.52948100003 113192.68018699996
90987.86704700002 112973.61665999997
104162.815016 100826.70805799999
88580.44665500004 115537.30167999998
94141.93408600004 112534.71089799996
83086.51119100004 123735.85049499996
140584.89586199998 85565.55560799998
84153.90193100003 121969.69151899999
145997.53155499997 83761.98118599996
93632.89021300004 112649.40555799997
124902.99637799998 89751.95426800004
135962.172125 86840.43147499995
101726.61649599997 103478.70028799996
131120.632785 89392.85726299998
77311.60062200003 137867.05946299998
132760.91945 87778.113962
113630.48129299999 94833.39777599997
77400.840663 136549.46262699997
83524.38731300003 121985.98581799997
107307.75219999997 94916.01233799997
77572.76228000002 134087.20504899992
80093.14164100004 129662.35399499994
128615.339563 89598.24368800003
84884.73286100001 120569.16807300001
106344.86154799997 95816.15797399997
98159.27345599994 105963.31136999998
100610.92803999997 105481.35422699997
89222.01443600003 113665.61598099998
103318.33496799998 106808.22513800001
88236.21579199999 134160.01821900002
92522.83186800004 122439.62480500001
86635.90817199998 134500.393026
120727.32440500002 94080.35288800002
103216.62787399998 107425.62439299998
86370.44298100001 144745.91705400002
100807.56876799995 115352.32254000002
98883.74086300004 115502.78749199996
89062.29286600003 131801.00144400002
92730.638422 122431.39707600002
86115.21601500003 147020.697249
130292.13361500006 90461.41698
128197.84282400005 91094.530887
127527.91220000005 91115.39385400001
117526.93601000003 94422.19457900002
147505.48819700006 88050.32667100002
91394.918577 123181.02857600003
101470.13571900001 112246.69917800002
103211.11991 108788.20891799999
89505.952573 130438.21701800002
98585.41183100002 116484.89722499998
87879.28607599999 134161.13887700002
127295.66889300005 91914.92890999999
102115.18025 109062.028543
92857.51189100002 121348.67469300002
104699.42324799999 106539.04963699999
95875.19536199998 120971.329849
97089.39276499998 120950.53751299999
89552.83294400001 129152.40528100004
109614.319971 96971.96608500001
122944.87186700005 92108.75736799999
91364.430212 127730.32783000001
107815.812459 100803.686497
106826.13791800001 102660.18057100002
107677.199212 102615.84789300001
105770.37890000003 106250.67040700001
97127.98331000003 116540.616508
92463.61947800002 122520.32918100004
132137.95971000002 88885.392781
108138.922816 99464.117052
129722.90916200004 90704.607498
154894.55650300003 87757.930112
95603.689689 121244.383437
111226.697437 95492.982141
126157.28976100007 91991.77884000003
135980.033811 75666.95664500001
108351.16639700001 95366.18098800001
88917.62363999995 134283.269416
113937.10697000004 90827.20720600002
101632.746263 97995.80530900002
131248.54438800004 79661.29617699998
88814.56055599997 135580.15585799995
89773.76356299999 124807.06583799997
106580.53411600001 97482.13988799999
128755.63809600004 80550.127412
90187.972753 123964.20247099997
87972.23277999993 137691.274978
126300.09971300002 81764.84279099997
88292.58756499995 135711.49501799996
92479.16318299998 117551.39416399998
90392.51278299998 118360.09437699996
123285.47618000001 84067.39358100001
124198.31806100003 81989.436218
99872.07185700002 110683.14715
95779.00015199996 113893.15541799998
137210.52033600002 75263.33139400001
88129.21704399995 136790.79522299996
137831.31882 74934.70463400001
99797.424773 111228.14917399996
86993.96008999996 139073.784471
108355.292221 94302.66481100002
111998.20415200005 93896.524968
93018.55988199999 114586.30868999996
90134.404295 124213.45841599996
115849.92642200005 87865.95672200002
132205.81282500003 77558.468502
115496.87312700006 89031.45424200002
100686.11301500004 106557.94297400002
89552.692896 128108.97734299999
116803.69051400006 84702.919001
98006.93431200003 111966.03677599998
107248.482237 97074.57802500001
89879.783579 124399.80266299997
89732.00042399998 127015.74416699995
139605.52310899997 74727.81378600001
111861.26738199999 94210.008181
96829.32362400004	116895.62268999999
104922.19735700004	102272.49352900001
124987.66882700002	92169.33294500002
91920.85419600001	126491.02160900002
94219.88346400003	117565.748082
97269.08444400005	116111.16086999998
114149.02844900002	97246.095838
127417.48290000002	90871.793798
100349.94088100006	113204.16766399998
138020.16395999998	87333.08843399998
127853.77257799996	90616.04711799997
128256.179251	90348.14245599999
103581.915249	106043.26814299995
117113.99810000001	95600.704882
106293.28481600003	102109.86375100001
98613.39688900005	114156.94884499999
113402.76295800002	98480.30130899999
133818.28766799998	88708.89460799997
96115.56477300005	117025.63431599998
109287.14479100004	99490.54601899999
111255.881896	98815.03893399998
115840.71348899999	97187.31350299998
93080.88805200001	126151.13732500002
134150.36076699998	88609.10728399997
86508.539094	132183.16025100008
98956.85483300006	113876.73008600001
132571.64247399996	89259.92814499997
126135.45633500002	91553.73580600004
115259.49925600001	97236.19695399998
102498.71291400006	107674.684897
91081.91970500002	127391.01969500002
100954.36393100006	112480.13447899997
108693.67743300003	102033.28591899999
101307.21080600006	108478.870656
118341.008006	93605.43487699999
128588.09588400001	90132.38940399999
101235.22831500006	110947.90420399996
124721.07803700003	92308.79170900003
130359.0588	89972.99094599999
129874.982791	90015.61416099998
125293.33477400002	91719.73631400004
116883.324949	97142.125259
115108.87237799996	85059.29929699996
114599.62876899994	86930.25464599997
104552.26550299997	95498.06110899997
105955.12787599994	93939.77330799997
110441.76866999995	89188.90747499994
89030.17087500001	121362.25198100001
125150.37464299994	84867.95222099996
92297.91802599998	110952.02459099998
85902.13191300002	129191.726764
86551.46731200001	127261.28008800001
105317.00325099994	94656.14197199995
97151.97423899999	102871.03829499999
115890.82116799995	84940.60816399996
85229.64410499998	138862.132558
104561.91888999997	95189.90630999998
98449.20320099997	100958.40754999997
132059.31434199994	83335.26552599997
90001.23055299999	114149.44621799995
84342.40268000001	140527.157353
130640.31391499993	83878.37004099997
104310.67953099994	95986.08751299995
89749.88572800002	121171.75539499999
113599.23478999996	89161.11414899996
103718.16125799996	96967.48719099996
93900.540842	109612.44900799998
91626.81928999998	113893.38197799996
96592.95803999998	108916.25567499993
85315.72802599998	134253.27935700002
125281.65895599994	84575.96270099997
83854.28766800002	143083.39710200002
92081.31956499998	113674.47847199997
138872.66615799995	82741.73475799996
105199.46652799995	94726.36771999995
128492.83549099995	84126.68525599995
102331.13030300001	98053.58482699998
95388.79598400003	109546.71743500003	