59722.0 58378.0
45956.0 86681.0
79385.0 51569.0
53726.0 62728.0
81515.0 49518.0
58952.0 61275.0
46679.0 65959.0
66517.0 53373.0
65158.0 56356.0
91896.0 49264.0
51962.0 89598.0
67802.0 53480.0
57493.0 59777.0
67910.0 50780.0
53097.0 69036.0
77126.0 45376.0
51317.0 91712.0
75577.0 50162.0
58264.0 58407.0
78271.0 43465.0
75769.0 47898.0
52661.0 84050.0
54330.0 68835.0
60574.0 55425.0
55958.0 67341.0
66292.0 40234.0
52853.0 55790.0
72497.0 38692.0
72325.0 39804.0
73654.0 38672.0
50049.0 69349.0
61975.0 41071.0
47258.0 87836.0
51460.0 64359.0
59142.0 49496.0
49176.0 50176.0
59519.0 38201.0
42515.0 76056.0
49922.0 46875.0
54289.0 43708.0
57291.0 38361.0
53146.0 44229.0
41831.0 80695.0
45482.0 61358.0
46610.0 59382.0
46698.0 52163.0
42612.0 61954.0
55672.0 39602.0
62924.0 60021.0
82270.0 50259.0
47944.0 98876.0
84541.0 48739.0
47938.0 143108.0
74418.0 51449.0
48591.0 61759.0
63599.0 52959.0
52282.0 77252.0
57984.0 62385.0
56761.0 69003.0
56880.0 68816.0
49936.0 95032.0
55596.0 69392.0
63999.0 51300.0
66365.0 50419.0
52724.0 73162.0
57803.0 62910.0
62979.0 54994.0
59483.0 60756.0
44780.0 69832.0
53825.0 47734.0
47953.0 66369.0
42169.0 77564.0
50212.0 54766.0
42169.0 77564.0
40249.0 83539.0
54269.0 41672.0
46895.0 67539.0
49509.0 56787.0
55043.0 38992.0
39617.0 91385.0
43117.0 72214.0
51933.0 48832.0
46337.0 68018.0
42039.0 80169.0
70270.0 44009.0
70287.0 43935.0
41424.0 81077.0
54702.0 44034.0
42111.0 76226.0
39058.0 89943.0
43761.0 54179.0
44387.0 49929.0
39242.0 85222.0
42921.0 61408.0
38057.0 91025.0
46120.0 47071.0
49505.0 46375.0
52078.0 65746.0
70016.0 46910.0
68974.0 47254.0
64114.0 53195.0
49995.0 90594.0
50503.0 68620.0
52156.0 55717.0
75941.0 41558.0
59053.0 44723.0
55823.0 46043.0
53153.0 47529.0
57677.0 45628.0
48021.0 79198.0
48423.0 75165.0
50070.0 74687.0
60198.0 42640.0
52836.0 54811.0
47697.0 145732.0
53732.0 46286.0 