98319.11159300008 114101.11025800003
96175.07459500009 116477.98474299996
97776.27916500004 114238.35275100003
90552.13544600006 128251.88931999994
90899.75918100009 125661.63961799997
87220.95661200001 139411.63985099996
109804.83612500005 92228.15563800003
102074.44965500002 102264.76780600002
89277.67455100002 133568.51115099996
96831.94889100004 115609.71142500002
105354.02831300002 93405.25804400005
102332.232334 97585.14609600007
87205.89360900006 144157.90051799995
93998.24713500006 119246.41728699996
89413.46221000006 128356.22299799997
105395.74291300001 92368.48320300008
97647.55197499997 115038.79078100002
92228.86088200008 124680.60742899997
87550.674354 138883.82272999996
110201.13017200002 88901.22573200004
133712.47152199998 82324.616187
124888.21289000001 83821.808345
131481.310173 82811.20797100001
134585.40395899996 80187.456957
93134.83416800006 120697.15298299995
105198.62236300002 93660.04325100004
116090.585491 86639.03952300004
133979.02806499996 81837.06602500001
109900.79563000001 91495.53119900005
100847.84031099999 102473.40694900004
98701.66932000003 109381.66005100003
123149.531556 85228.037624
103369.367835 94180.57271100004
123332.225002 84924.28785200002
99352.796166 102808.54450200003
90726.47975500008 127400.05508399995
105822.56048700001 92296.59774100008
116924.36514399997 85509.65043300002
113796.02921800001 87507.03289100004
126340.26341000003 82814.50056100002
98319.11159300008 114101.11025800003
96175.07459500009 116477.98474299996
97776.27916500004 114238.35275100003
90552.13544600006 128251.88931999994
90899.75918100009 125661.63961799997
87220.95661200001 139411.63985099996
109804.83612500005 92228.15563800003
102074.44965500002 102264.76780600002
89277.67455100002 133568.51115099996
96831.94889100004 115609.71142500002
105354.02831300002 93405.25804400005
102332.232334 97585.14609600007
87205.89360900006 144157.90051799995
93998.24713500006 119246.41728699996
89413.46221000006 128356.22299799997
105395.74291300001 92368.48320300008
97647.55197499997 115038.79078100002
92228.86088200008 124680.60742899997
87550.674354 138883.82272999996
110201.13017200002 88901.22573200004
133712.47152199998 82324.616187
124888.21289000001 83821.808345
131481.310173 82811.20797100001
134585.40395899996 80187.456957
93134.83416800006 120697.15298299995
105198.62236300002 93660.04325100004
116090.585491 86639.03952300004
133979.02806499996 81837.06602500001
109900.79563000001 91495.53119900005
100847.84031099999 102473.40694900004
98701.66932000003 109381.66005100003
123149.531556 85228.037624
103369.367835 94180.57271100004
123332.225002 84924.28785200002
99352.796166 102808.54450200003
90726.47975500008 127400.05508399995
105822.56048700001 92296.59774100008
116924.36514399997 85509.65043300002
113796.02921800001 87507.03289100004
126340.26341000003 82814.50056100002
93578.20360900003 116783.40408199995
92461.700066 121572.93306599997
119611.628904 90588.179708
92254.98532099997 121588.56025699998
115352.880915 93457.876285
94383.99159 115648.04869099995
93475.28342399998 119046.49953599996
133726.69138699994 85088.75741599998
129065.88165299999 85523.40315700002
134381.7055819999 83810.61571999999
91194.312782 124919.31408199998
118984.69029999997 91953.716294
90813.52730499998 127355.00087699997
131095.92308699997 85478.228231
98064.36015000002 110245.39880399998
126105.57998299997 86591.71317900003
121113.06777799998 89638.491335
88591.85374400005 140850.77840100002
128572.28782899998 85833.04555000002
133995.21575599996 84894.01437899999
133718.52914799994 85318.60521099999
118007.518605 92644.088223
115062.55361300001 94073.196669
93919.60007900004 115983.96214899996
125877.36178499999 86719.67161800005
91132.37575699997 126498.80062499995
98561.21535900002 107646.92844500001
122501.00240299995 88997.87873100002
88529.50621000005 141542.73065400004
144418.55628400005 82015.92417399999
118834.34226399998 92515.58137900001
88863.08406900006 138099.139468
95756.788972 113415.13464099995
115415.12499399997 92658.10646200001
93793.04373400004 116780.58738699996
96172.321668 113385.65355299994
89187.57590400001 137400.28677700006
90598.24210599999 129248.75827499999
88054.02112499997 143556.40474599993
87804.48813099999 149810.1715919999
147547.59834500003 80508.09445399999
90079.27681099997 131523.30856399995
100731.37637000001 100071.378401
95300.97306099998 115263.13540999996
105753.61621800007 94223.66955399998
93226.27486799996 119412.61121499997
119371.10292199998 91371.61893300002
91206.56524299999 124634.33436799995
131550.34854099998 85329.58084899999
136898.030295 82092.64877799999
88320.40833900005 143221.922345
119256.82073400007 91338.80053599997
143555.41043600006 87153.25997600002
140182.41015000004 88137.39974400001
113730.17703100009 93667.62211799996
118012.51439600004 92018.56472699995
112733.59233400003 96690.50670399996
92020.404745 123471.81124999993
92797.53480000001 111681.54706899993
103213.15530300004 101692.93439699995
97886.10107700003 106738.95180799995
92772.08911900001 116241.13452799994
105516.17370600003 97777.04555699993
121638.74232600004 90357.82890699999
143990.42716300004 86628.04312900001
127500.44390999999 88988.49453899998
88637.309714 125156.14057799992
145656.323982 83613.69406699999
102681.94897200004 103057.05964799997
134493.758104 88526.10657200002
100052.77539300002 103824.63988299995
133501.53094100003 88591.21156299998
141388.292342 87425.78054099997
106881.02824200003 97246.56701999991
124533.69993200005 89473.72891299997
92754.562136 122644.80448999991
113337.05700500001 95035.74052799995
101690.88482100001 103641.87016199995
142866.70831400005 87193.56494800001
94429.995371 110327.25711699994
145054.09071500003 83879.76638500002
138787.591879 88288.87664800002
102804.84105700006 102588.85786799996
121194.71005100002 95306.43737899995
121697.35502700001 95241.65848899995
114764.353988 99325.94199299996
116247.629804 98899.46100499995
119478.18010000003 96680.59192399996
125064.73607899998 93553.33679299998
120925.48846099999 95311.32384099996
118630.82312500004 96815.53620799996
116363.65909900001 98571.36263599999
95130.38908700002 123310.66179100002
94301.25629500004 126418.294871
95156.94502800005 112538.95107499999
121936.89740399997 94942.83059499995
95113.10927100004 124461.44226200003
122677.99572000002 94683.41820999996
137703.89144299997 89620.22869699998
107114.03610700002 102130.190765
128837.407256 92208.03928999997
117865.11188000004 97469.46658199996
137678.82895700002 89808.32228799998
99058.82053000001 109471.61573100001
137343.367316 90227.528393
131308.33712899996 91166.584213
103054.96414499999 108919.084622
94929.77148100003 124713.26629300004
120241.581247 96452.60676000001
104281.77496400004 103808.951949
86833.22765999999 131582.076217
137910.624996 89382.06083699998
94640.00207 125777.24354200003
145045.354022 89157.11671
116511.331417 97834.20297499998
89646.31159899998 129718.18662299999
136144.598516 90361.29435699999
86568.85887099999 132405.83564
86609.210049 131726.80463199998
84511.97620800002 147258.026273
101363.63602600001 109443.75822499997
109019.23026900004 99369.90327800003
104445.08695000004 103312.34957299998
87307.29873199998 130486.82145499998
107508.77799100001 101008.153816
138594.84528799998 89308.915472
84623.66006300005 143152.26031
124131.63621099999 93660.20413199998
103186.61941399997 107631.481697
85379.87652600004 142474.874363
103509.104564 107217.97705200002
91231.43067299997 129517.48602599998
96601.35576400004 111614.10912299997
92804.395554 127372.47487799994
105552.19022700001 102141.23678599998
115375.22485099999 96270.79434299999
108289.94504899997 98754.03715499997
115334.14583 96287.11127800001
90594.87856499998 111927.273114
96532.26690399999 108255.51283199998
91573.50927299996 111004.61114899997
123643.835394 90279.16554499998
98164.38188100001 107353.01681499998
104592.43978700002 103158.04058299992
105438.30189600002 102424.67376499997
111745.29027800001 98458.80691799997
94447.674756 108811.402004
94181.21241699996 109630.702212
116154.90441599999 95597.04007999995
122006.10960499999 90548.34734199998
83528.159603 124731.26811299997
120913.29820399998 92106.26758199999
117006.42280099998 94456.45810999996
84198.677025 124229.86483799996
106221.162486 100204.96748999997
106031.57115200002 100279.24885099997
107638.20576299998 98838.99350299998
128883.76376699995 89654.73299899997
116276.468686 95321.99461299997
144443.09290999998 82822.92256399996
156909.515425 81795.00590300001
91404.843907 111541.43591100001
141605.62197999997 86204.48270699997
87936.116419 117923.257733
119882.39491899998 92548.38885599999
118805.29877899998 93270.48319499998
88945.359511 112275.211215
102629.20659500003 103350.99515899994
92801.26428 110534.35357399996
156976.41894899998 81778.15021500002
125838.917528 89713.77677499996
94574.93234999996 108673.101243
85185.06810699998 119900.15557199997
92801.26428 110534.35357399996
130770.517421 87448.29174399996
84545.72858699999 122490.18278699997
93649.252419 110018.08670399997
132276.09102799997 87007.59292299997
100953.31479099998 103550.54595300001
147456.09675100003 82541.737509
86792.082175 118821.42384899997
140467.570263 86534.597326
98601.89940699998 106475.42240999998
113939.687315 97322.26613199999
81458.438234 129562.28412999997
137780.33416400003 86812.09356100002
117255.37929699999 86259.17630800001
93510.69085400001 103951.42735000003
119344.097871 85173.098732
83092.52263600002 124058.27059499995
109029.64443399996 86450.68674499997
90282.79506099998 105832.557875
102062.179338 94362.07607499999
105247.48873799997 92455.26974699998
92515.29363199999 104713.533876
108837.73035799997 90442.40976999998
82531.49546700003 125416.39659699996
107295.30353799995 90715.16161199998
84434.994699 120417.76163600001
84826.506264 118577.212975
93931.50655399999 96022.42886999999
90100.85361000005 113814.90475500005
83058.15225200003 124676.00173499997
87874.86298100001 114788.88126000002
104290.53221900002 93723.95087099998
95021.41635900001 114045.406532
90282.70845 118096.81250699997
83482.69690200005 145204.50720999995
104254.90831200006 104610.67820499997
83789.50174000005 143790.53135399995
85792.52741600003 121877.78602199999
106745.66312700005 100912.29137800001
140495.68490499997 85770.38585599998
149659.72957400003 84083.94206599996
140808.53479999996 85419.65607699998
86985.938875 119471.71613499997
84154.89998400003 141402.52187900004
105008.22112099998 103202.11348600002
103281.18662500005 104630.44804199997
88687.210747 118528.46236699996
99652.41904400001 110129.494279
133668.25303 86066.59216600002
145428.342297 84460.733908
119094.60745400001 92430.08591900002
85209.40815500001 128191.80186299997
107814.59034500003 96855.96248900003
117807.658186 93721.778808
127928.92463899999 86364.04777399996
85722.662337 124303.646416
81111.88867900005 147216.80514799996
102348.65054800002 105139.96732699998
125342.26209999993 89317.14449199999
84389.55816400002 134461.96736399995
94275.889083 114842.42911699998
107553.33163000002 97536.413191
96234.15397200004 110742.05666400002
113552.53663600002 94086.57437000002
100564.562185 107482.71714000001
83455.69075200004 147202.95747799994
127253.99861599998 87703.69505799997
108700.448762 96685.286012
123298.87141499997 90416.91734499998
90645.42675300002 115100.131285
84280.054862 137622.90278999996
85328.158577 124523.51061799999
102242.947329 106782.02805399997
127610.55006999998 87698.74059099997
143274.93860400002 83472.98161700001
149930.04209999993 80988.19686200001
145217.658419 82936.50669300003
153257.65344899995 79883.54212200001
146626.74928599995 81843.26734700002
132318.13761699997 87096.319
149218.51102699994 81311.242306
116242.57822200001 93105.20828899996
142737.29411999998 83693.38325000001
140080.41347600002 84275.25474500001
132248.44871599998 87806.55236100002
116614.48245200001 92991.82163999997
150878.52639299998 79990.92028100001
116115.51179 93752.35406299996
132854.83263999998 86515.55416600002
131045.21836699998 88233.814207
144605.09876800003 83373.16997200003
146623.58371399995 82684.530792
132501.4293710001 86690.88043600004
98444.38407900005 103398.91693400002
135956.28513699997 84855.87710600003
150503.14488499993 80777.33377600001
107865.45071800001 100202.353243
146175.996005 82916.58230100003
147888.014349 81344.07245500002
110281.777797 98194.00638199996
122316.69045900005 89292.394646
119943.77119000004 89639.44251400002
109278.65484500003 98627.900741
119115.10297700006 91541.32391000002
113817.11471099999 93992.55095999995
153913.90349799994 79732.41715300002
113781.76369500002 96348.92406099994
93833.78517100003 105995.043323
123645.47242300004 88858.33805800004
116723.37709200005 92220.39663300001
100341.14252000005 102449.76988100004
127167.13171599997 87061.12139100001
127131.35233899999 87963.80233999998
131745.979529 85539.39569500003
106919.69403899997 109816.699463
104096.62004399995 110804.71438900003
94258.83278 117627.34830099998
146847.14730399993 80885.86918
119310.64380000002 92449.64024699996
85967.99260799999 163010.27118200005
95569.78835599996 116092.19284699998
106953.80646699997 103531.61768399998
105215.21423799996 110536.76859099999
88473.09008100002 143558.42572399997
145188.89812599996 81139.60382899999
111154.08980099998 98850.25119299999
132221.93094599995 84406.33735000003
122558.14565599998 88559.26634199994
94212.34768699996 117916.23234999996
119353.11801299998 90123.32913399996
87892.07664199997 160915.09822900005
113037.02894899999 93350.05242700003
112174.77832499998 98827.285419
145681.247724 81006.18321999999
141619.39551799995 82218.36125199999
141853.633093 81822.14009199996
86105.56461399999 161920.42696200003
110548.724625 102685.216462
108301.60417 103377.74954899996
88412.45517300001 145039.24749399998
109813.42399699996 103169.80855199996
98668.17305599997 115486.81075599998
109501.92216699997 103280.36405900004
92014.50519199998 118344.49849199996
148259.39715599993 79935.272827
91165.30414499999 119792.64992699996
100037.27099399996 111305.11200199998
134943.96988699998 84335.45463100002