67517.0 59202.0
51645.0 96674.0
54374.0 83232.0
86009.0 55224.0
97801.0 52165.0
70651.0 59008.0
50757.0 99310.0
92013.0 55197.0
92030.0 52748.0
61356.0 69210.0
52839.0 84836.0
72842.0 58935.0
96475.0 52188.0
65264.0 59457.0
77493.0 57444.0
57995.0 69599.0
52786.0 92785.0
50855.0 86058.0
52888.0 84644.0
74777.0 55621.0
80816.0 50449.0
49792.0 90366.0
68470.0 56842.0
53395.0 76447.0
49664.0 98046.0
106702.0 49575.0
76946.0 50883.0
57708.0 60421.0
72511.0 56188.0
54774.0 67546.0
59814.0 55088.0
50703.0 84137.0
61667.0 53881.0
55124.0 56697.0
53258.0 57082.0
47663.0 84909.0
51422.0 60806.0
65694.0 48241.0
51067.0 67382.0
110472.0 50565.0
57541.0 64791.0
69389.0 54117.0
64517.0 61101.0
83339.0 51539.0
96711.0 51451.0
58378.0 64354.0
58486.0 62503.0
53185.0 79410.0
52529.0 95133.0
82776.0 53257.0
55232.0 77508.0
114309.0 48359.0
109473.0 50901.0
83300.0 51717.0
55873.0 64946.0
65169.0 57581.0
57797.0 75124.0
74961.0 58955.0
55035.0 79585.0
52710.0 81586.0
63049.0 67241.0
89105.0 52745.0
59196.0 73737.0
69552.0 61778.0
62454.0 73227.0
53218.0 79676.0
56955.0 75690.0
52582.0 86582.0
78245.0 53049.0
63796.0 62896.0
52364.0 107402.0
92809.0 46504.0
54145.0 67895.0
56826.0 63131.0
64018.0 54823.0
55950.0 64207.0
64189.0 53340.0
80100.0 49864.0
55702.0 65939.0
61189.0 56249.0
66186.0 51717.0
41382.0 89303.0
69452.0 50521.0
48638.0 69474.0
55753.0 64522.0
60789.0 57514.0
46034.0 88763.0
94031.0 49791.0
75436.0 50352.0
56073.0 75857.0
50763.0 78398.0
86108.0 47111.0
59871.0 67665.0
64916.0 59622.0
73141.0 51024.0
65821.0 56573.0
48524.0 79199.0
57717.0 74375.0
61487.0 62043.0
59230.0 72688.0
65563.0 58143.0
67360.0 54878.0
85868.0 47801.0
91468.0 45035.0
74903.0 47909.0
110699.0 44220.0
49420.0 59851.0
101796.0 46359.0
48623.0 62211.0
106081.0 45253.0
66335.0 49658.0
56859.0 50760.0
43400.0 74335.0
43924.0 68089.0
44026.0 62462.0
110637.0 44555.0
55667.0 56694.0
43037.0 84015.0
68943.0 49688.0
68118.0 50873.0
68167.0 50543.0
46176.0 75655.0
61830.0 58890.0
53065.0 69529.0
57480.0 59720.0
63179.0 56437.0
52660.0 71355.0
54858.0 67382.0
44684.0 78291.0
65560.0 54492.0
93938.0 44070.0
47275.0 73631.0
67296.0 53193.0
96935.0 43219.0
51161.0 72547.0
71881.0 44072.0
56174.0 59854.0
59722.0 58378.0
45956.0 86681.0
79385.0 51569.0
53726.0 62728.0
81515.0 49518.0
58952.0 61275.0
46679.0 65959.0
66517.0 53373.0
65158.0 56356.0
91896.0 49264.0 