119867.976539 96237.16637399998
122552.544937 93462.924136
126064.511842 92130.65766299998
118562.02514400001 97734.40427199996
132869.67541700005 85662.98433900002
119305.64255599998 96728.13457799998
130216.71419100005 91648.91632699997
120922.87245499999 94777.859062
138450.24697400004 84516.80630499999
125093.77555299997 93177.45092299997
105171.64960299997 111013.97488399998
120491.05986300002 95707.57431099997
107870.93179999996 108031.746417
93056.708721 151169.877429
92356.147717 158161.66535800003
93394.54654499999 149666.58783399998
134388.88579400006 85179.061858
102819.06656200002 115634.75337199998
104144.196072 113648.41667999997
95686.69836400001 121657.89698399999
106470.67211199997 108429.241076
141301.31640200003 82941.22605500002
97129.41634800003 118717.11135
94541.83343400001 126013.07769199999
107366.42597899996 108337.51859200001
93509.96045000001 129950.56151699998
107884.34419799998 99808.11112900003
94400.67324500001 126291.164547
138775.95466800008 84069.725463
112732.36593699998 97784.46505499998
102347.34647300001 118308.18687
131466.10810500008 87296.95828800002
102904.69450400001 114486.90062799999
115211.04466699998 84453.95241299999
91644.371747 124304.60698000003
106910.73398099995 90795.50856100001
100874.259645 103306.62671800001
116455.328299 82177.298391
112347.76241599998 85258.79202400001
99146.17034000003 103749.80238800003
114170.22083199999 84709.13721
136754.70775899995 77724.64510399997
89612.676779 129475.77342600001
124221.38750200003 78368.23458699998
103685.16857799997 95782.59458100001
135562.982701 77789.30924699998
98358.38726799998 110170.31353900002
91491.866321 127397.82670300001
92648.09570800001 121716.52043700001
89211.74981200001 129707.91933000002
101430.35984399995 96466.98357900002
114138.629435 84882.781762
120424.67865100002 79746.47239199998
116049.462606 83505.871273
109095.57461199998 86108.579949
93761.164591 114492.61703900005
149693.65526799994 75981.69097299999
91428.63844 127487.48698200002
111064.35784599998 85481.88979199999
89831.956245 128888.633075
96913.85589299997 110569.209973
145636.4130219999 76169.19000099998
104232.98251699997 94571.981584
139457.04491199992 76591.93055499997
105261.81880199998 92602.11937199997
117716.79887999999 88231.71423900002
118498.52207499997 86256.492907
102982.64328499997 103208.49338700004
115233.00837099999 93998.59526600003
104829.22021100005 100595.668819
109650.83091799999 98711.63052800004
111024.13840099999 98036.45143800003
92107.52646599998 128917.60551299997
112776.036638 95815.28038100002
115608.58623999998 92462.61513700002
119527.24828599999 85779.295108
121153.76508599997 85577.59048700001
88655.50817299998 132984.21877699997
111084.707897 96788.67285100001
116239.63436699998 90108.34505100001
102717.926838 103419.95789100001
115339.905193 93057.61474200002
87731.21403399998 139370.384579
88466.938586 133540.10058899992
110371.84430600001 98635.18362500005
89121.74531699998 132732.40330499999
116410.09110999995 88632.29006800006
154147.58434800006 79479.867615
101016.645062 108991.00229200002
140317.67028200004 79850.444993
92419.62398499997 124756.24333499998
145246.477215 79757.639793
102925.407312 103221.50968300001
97550.52188300001 113390.15490100003
121189.71445799996 85324.58608200001
90778.10530599997 131166.63761799998
126661.53243199996 84080.20724699998
100280.69730300002 111389.18393400003
86551.32731399998 148900.284414
126150.07527599999 84468.59863200002
107794.01512399997 99637.00139800002
94105.00159600003 114941.61174199996
87055.36746699997 146347.99705
105632.52312299996 99846.44304700002
87077.18378699997 140351.790418
87834.10921299997 136276.761409
96972.99211600004 114804.68946299999
136571.468135 81429.12556699998
101086.30247200001 103852.32459700003
97447.01946600004 117898.47707300006
97175.957003 118762.80538800004
85239.19672400004 141952.958487
117198.35877500003 95181.076001
99020.42237200002 116439.51747900005
122158.48174500001 90245.98065499999
85510.01569600005 141643.016707
104460.43548099995 104982.46856899999
114480.424071 96990.32907399998
102963.88424499995 107206.42916199997
84554.65359800003 144136.34837700005
104740.73443699996 104978.99509599997
91166.83471000005 126019.67208600004
119354.205961 95082.33322199999
90768.16006000005 126280.15748200001
100014.427614 114031.15354600002
104799.34168699998 103904.34936599998
120513.537372 93997.78212399998
121038.63257900001 91799.47173599999
89834.28470599999 130898.434985
99207.77265000003 115926.842325
124516.42474800002 90160.12628199998
101582.66824000001 107569.21191300002
103485.22630799997 106012.04427799997
91952.61104000003 121172.01117100003
101165.38024300002 108221.76243600003
114912.01806999998 96163.66927199997
92323.59643800004 120548.21810900004
114579.23792700001 96445.50397299997
105946.585491 101638.70771799999
93630.53621200004 120034.32665500003
121010.450579 92322.32957499998
125658.88845700001 89711.59449099998
100828.76834200004 112443.33187900005
128347.48753000001 88807.066001
98424.97403800006 116941.43108100003
91911.07707700004 124869.41928600005
107728.66626000001 100663.4123
108804.37200899997 98267.95221999995
120733.38498899998 93660.44827299997
104182.78618799994 105802.69271899998
115266.61073900003 95619.98463199996
86049.10560600001 134326.016922
90165.55385700004 126962.95040799999
102508.045377 115016.46964000001
102695.03009199997 110998.23019499998
124878.29397400001 91551.119742
104340.79524800005 107172.94533199999
87933.84069999999 129810.12694799999
104854.51116100002 105808.668501
104061.83534700003 107692.01308999998
84122.17272299997 139498.3417089999
101407.15612000001 115529.60426500002
99612.557813 117380.829532
87115.73395299999 130875.73742999998
89379.95602 128136.13310499999
94844.26482299996 125096.63034899998
110796.54558600001 101797.534854
107693.17519700002 103703.45404
89819.179753 128067.00583999998
102592.72370099998 112143.75708299996
104061.83534700003 107692.01308999998
96988.67597500002 121548.88601599995
89962.44047199997 127732.81728499998
95309.14964699995 124729.13866699999
95445.931189 124160.32940900004
94500.67303700002 125208.34609900003
100893.99503600002 116737.66100800001
119838.073388 92183.43548100002
111995.244518 101154.99971399999
125348.41988700003 89781.28490299999
109598.87374 101909.19951499999
109277.472046 102005.14625199999
117641.177371 98038.22746600001
87611.55579099999 130863.43108899996
92999.42320300001 125849.01287500003
103262.30543300002 107956.604841
118805.156311 94385.96854200002
127180.36445700003 86985.25972700001
117460.90501500004 98649.13138100003
85893.776445 132966.057729
97117.83130300001 118866.13119499995
88133.026344 128468.737689
119002.17823300004 94253.68508500002
100232.31868499999 117035.67719300001
115291.263402 99026.108977
92123.113378 127408.232272
96711.356645 130598.614654
97477.72528600002 130460.048849
99054.74356500001 121325.91402299999
95347.90176999998 133724.230843
108520.05381199998 106984.25370100001
103253.11894000003 112560.83362500003
98943.15358400001 122192.68377500003
136487.66535999998 87387.39269099997
95381.98319799999 133337.436647
132130.34291699994 93389.29974099997
143667.81860699996 87029.98781399998
132822.07455399993 93197.862481
137512.219782 87315.97536099998
127720.86246499998 94931.32496899998
99995.62106 119848.775207
106649.94755 109108.61097500002
111558.81021399998 103733.02955999998
95864.57895899998 131134.525768
101276.664981 118434.065917
112483.81341399997 102979.69123299999
99269.92814900003 119864.93981400007
101302.44582 115664.06097899999
133109.58109899994 88696.17326099999
94814.57741499998 133941.13534899996
145814.19159299997 86628.47297399997
110508.28996099999 106914.156864
104325.53598400002 111988.76423700002
151307.72620099995 85068.548822
98265.983122 123980.18974000005
120684.22161699997 99255.02352199999
117588.72174300003 101806.233659
145904.89874799998 85307.252512
98017.92802 128565.51328500004
99027.90453100002 122008.374574
93798.75442899998 142013.89802900003
102842.68799999998 115501.56982000002
121107.32286499997 97234.93061899996
94278.24940900001 135650.211056
108285.04670499999 108203.79484300001
100970.70364500002 119567.31313200004
120908.90774899996 98348.39146299998
111130.58107699998 106594.578606
128579.58621599997 93817.24343599999
124363.3301729999 95756.69211299998
126117.30008499994 95276.12550699998
105502.99690999997 111724.26662200001
152244.08100899996 84967.028912
98019.278503 127399.84136300004
111554.75260899999 103953.99414
110647.52427599998 106899.92407600001
89908.446032 119076.88417699999
123070.09906899997 90190.79131999999
91013.48941499999 114392.06729399998
99159.87993599998 102602.53225499997
122671.29807699997 90462.99342999999
89723.200653 121365.003207
137312.04604999998 87064.67161399999
90703.941507 116408.34603300001
130351.97822799999 88018.92443999999
90692.74522000001 117534.73007200002
134453.069918 87303.78524499999
106391.93181600001 98308.098001
90550.24978000001 118756.61393500003
99517.45702899997 100731.97107499998
106406.63343900001 97156.85013500002
128008.93123999998 88389.585979
121529.21196599997 90546.23261
124891.35461399998 88520.388734
97231.328522 105377.46533400004
107439.71647499996 94921.29758300002
92099.39919699998 113598.38293699999
90411.789762 118925.05568699997
89232.602729 123004.620966
96777.035217 105524.24855999998
87836.41951600001 123344.67388499998
109403.75420099999 92849.13484200001
96739.99002199997 108494.19558199997
92709.125977 109531.35205399997
133095.603167 87519.514444
89285.01404000004 122137.87090299997
116196.84597699998 91019.82628699999
123478.34479399999 89016.28176900001
98076.19127299997 103967.36575299996
100476.24010199997 99677.477033
114481.864998 94999.35645199996
124158.86939100001 88674.48667499998
90892.64996000001 133127.16580300004
95474.35854300001 110155.46789499997
96852.01731100002 108191.64450299996
91713.55706000005 128617.854262
96313.570545 109204.53185499996
91514.383903 132982.60537900004
131123.437281 84843.67529399999
140724.54183900007 84487.61006700003
119162.55465400002 90725.56717100005
143415.32468400002 84485.48973700001
95031.021745 110896.17504199994
120483.89122800001 90255.16663400002
127807.58130199998 87129.53344799997
87557.84999999996 145657.31159199998
93770.04417899999 112514.49023399994
123767.70149099999 88938.61438999997
96478.95573400002 109155.40563399997
100724.15526599997 100026.28435299994
91723.768973 126298.31476200001
93426.932308 114818.67182299995
116773.76501999996 92655.36298799996
88960.70299099997 134105.06277600004
124512.78071899999 88163.76668500001
101675.272413 96359.80836399998
114612.05791500001 94622.68657599996
143425.65465800007 84186.93249200002
129339.771768 85983.31014899998
109452.12424800001 95190.29466999993
97811.992424 104722.56386799994
90987.44872299996 133010.229235
92625.179184 119901.65093099992
88169.26782999998 145625.859756
100975.57304099997 99248.71286699994
86955.49062499998 146825.67418300005
87215.22421099998 146236.06457200006
92383.88354400001 123726.77845199998
144598.77102500002 83801.92611000003
92483.40000200001 122528.86264899999
87940.98990499997 145647.33743600006
88292.51454299995 145384.974644
134998.077224 84538.42773299999
117938.37867800001 91448.918988
92295.686321 125499.04463399999
116184.63345399995 94216.55757099997
93261.64514600001 115822.34516900001
88618.33280399999 119117.49933600001
94518.52820400002 115715.30809600002
130966.244359 93195.68946899999
88563.64209300005 121003.997533
87549.18423000003 123421.59463700002
88429.15238700005 121760.570091
85042.869849 132456.30705200005
94565.554412 112224.68996599998
130003.14111399994 93675.720237
85507.28769600001 131613.78317100005
85585.290735 130593.47478599999
99291.77904899999 107968.14607099998
81805.010015 171292.53980199998
91618.56458100001 116825.081365
130186.439323 93231.87479699998
101241.49039900002 105213.12912399994
101579.10394900001 103831.94196399994
139242.07153999998 89057.42680599997
120972.72547300001 94971.30512400003
121397.52166600002 94432.84763
85000.51344100002 133395.819476
82806.40187999995 163663.03046300006
90921.84923500006 117499.39794199998
107817.238784 99159.31290099998
141105.18057899998 88998.20479799998
82283.47314400002 169928.907997
85490.27176000002 132226.56557900005
122029.164529 93852.52344300001
86977.74173500002 123559.85451800001
115926.75406199999 95221.63992
82117.765089 170658.934807
83746.902531 138647.74390799997
102053.223555 100049.83791500001
85873.982651 126694.85076800002
109497.27157399995 95990.80560299999
97738.93397799997 111382.603986
101384.70118 104517.94725299996
131550.01050599993 92545.018143
105533.77395500001 99275.29521
137907.34765299992 89531.60917700002
88187.29562699998 121924.314369
145387.85023900002 88796.16926299999
82354.09412099994 164429.73598300008
133261.1884 89753.37407299998
135620.923097 82748.14281800004
114723.50771199999 100535.36885699998
110019.43479300001 103056.66538399998
136883.459989 82711.24463700005
110233.023361 102866.02897799999
121340.48232199998 93947.80533
113769.44931099999 100889.437424
107689.23821999998 104078.59538900001
110096.08566900001 103034.16497799997
140763.738749 80568.43730000003
134331.84354600002 84287.27865800004
139698.51153100003 81393.11110000004
143379.41308000003 80336.09213200003
109726.469929 103616.090905
139016.434152 82215.94544100006
107383.94281200001 104457.03381299999
97706.885946 117409.96713199999
117503.06464000001 98698.17692200003
120465.80025499997 94686.82734999999
102183.46743200002 106547.53317700003
117743.20486799999 95379.006662
140065.983673 80938.61561300003
100849.56325600002 111996.62767400003
115104.480127 99943.824209
125959.43294099999 88056.74335399999
94454.19821300001 126427.495814
130308.06035900004 86283.95588800005
110529.081831 101278.703449
126420.79817999998 87979.892199
117503.87983 97547.58927000001
101536.044229 107878.52577700003
94145.264286 130661.292767
123808.173575 91903.231342
98855.87099199998 116500.363669
110374.59671799999 102837.517874
115370.30580999998 98954.11524099999
99207.60950300001 115177.76892700001
90000.91656600007 140924.464132
100677.41337000002 112869.15312300004
105249.60117299996 105258.003705
101056.24870100002 109739.98388800002
99344.41208599997 114081.66708600002
149855.12997 80075.46001200004
93606.04975400002 133137.93053500002
94426.035269 128596.46256399999
94513.90494099999 120215.38659400001
107640.52304899998 104306.089211
92115.94064600002 133616.87303800005
151388.27480699995 79852.38362300003
88878.69419000004 152654.84153300006 