135980.033811 75666.95664500001 
108351.16639700001 95366.18098800001 
88917.62363999995 134283.269416 
113937.10697000004 90827.20720600002 
101632.746263 97995.80530900002 
131248.54438800004 79661.29617699998 
88814.56055599997 135580.15585799995 
89773.76356299999 124807.06583799997 
106580.53411600001 97482.13988799999 
128755.63809600004 80550.127412 
90187.972753 123964.20247099997 
87972.23277999993 137691.274978 
126300.09971300002 81764.84279099997 
88292.58756499995 135711.49501799996 
92479.16318299998 117551.39416399998 
90392.51278299998 118360.09437699996 
123285.47618000001 84067.39358100001 
124198.31806100003 81989.436218 
99872.07185700002 110683.14715 
95779.00015199996 113893.15541799998 
137210.52033600002 75263.33139400001 
88129.21704399995 136790.79522299996 
137831.31882 74934.70463400001 
99797.424773 111228.14917399996 
86993.96008999996 139073.784471 
108355.292221 94302.66481100002 
111998.20415200005 93896.524968 
93018.55988199999 114586.30868999996 
90134.404295 124213.45841599996 
115849.92642200005 87865.95672200002 
132205.81282500003 77558.468502 
115496.87312700006 89031.45424200002 
100686.11301500004 106557.94297400002 
89552.692896 128108.97734299999 
116803.69051400006 84702.919001 
98006.93431200003 111966.03677599998 
107248.482237 97074.57802500001 
89879.783579 124399.80266299997 
89732.00042399998 127015.74416699995 
139605.52310899997 74727.81378600001 
111861.26738199999 94210.008181 
